0,446
0,442
0,439
0,438
421,2
0,563
0,436
0,435
0,243
0,433
0,432
391,2
0,386
0,431
0,478
437,35
10,288
10,242
10,230
10,200
10,266
421,3
421,1
418,5
418,4
10,220
10,206
10,2
10,3
418,3
418,1
417,3
417,1
415,3
9,7
9,6
9,4
9,3
415,2
415,1
8,16
8,11
8,12
8,6
8,17
8,4
412,3
412,1
391,3
391,1
380,4
380,3
380,2
380,1
379,5
379,4
379,3
379,2
379,1
378,4
378,3
378,2
378,1
374,3
374,2
374,1
374,0
373,3
373,2
373,1
373,0
20,3
20,2
20,1
19,3
19,2
19,1
12,3
12,2
12,1
11,28
11,27
11,26
11,25
11,24
11,23
11,22
11,21
11,20
11,19
11,18
11,17
11,16
11,15
11,14
11,13
11,12
11,11
11,10
11,9
11,8
11,7
11,6
11,5
11,4
11,3
11,2
11,1
10,301
10,299
10,298
10,289
10,285
10,281
10,279
10,277
10,276
10,275
10,269
10,267
10,265
10,264
10,263
